4 5 3 2 1 2 3 5 4 
0 0 0 0 0 0 0 0 0 
0 6 0 0 0 0 0 6 0 
7 0 7 0 7 0 7 0 7 
0 0 0 0 0 0 0 0 0 
0 0 0 0 0 0 0 0 0 
14 0 14 0 14 0 14 0 14 
0 13 0 0 0 0 0 13 0 
0 0 0 0 0 0 0 0 0 
11 12 10 9 8 9 10 12 11 
1
4 5 3 2 1 2 3 5 4 
0 0 0 0 0 0 0 0 0 
0 6 0 0 0 0 0 6 0 
7 0 7 0 7 0 7 0 7 
0 0 0 0 0 0 0 0 0 
0 0 0 0 0 0 0 0 0 
14 0 14 0 14 0 14 0 14 
0 13 0 0 13 0 0 0 0 
0 0 0 0 0 0 0 0 0 
11 12 10 9 8 9 10 12 11 
0
4 5 3 2 1 2 3 5 4 
0 0 0 0 0 0 0 0 0 
0 6 0 0 6 0 0 0 0 
7 0 7 0 7 0 7 0 7 
0 0 0 0 0 0 0 0 0 
0 0 0 0 0 0 0 0 0 
14 0 14 0 14 0 14 0 14 
0 13 0 0 13 0 0 0 0 
0 0 0 0 0 0 0 0 0 
11 12 10 9 8 9 10 12 11 
1
4 5 3 2 1 2 3 5 4 
0 0 0 0 0 0 0 0 0 
0 6 0 0 6 0 0 0 0 
7 0 7 0 7 0 7 0 7 
0 0 0 0 0 0 0 0 0 
0 0 0 0 0 0 0 0 0 
14 0 14 0 14 0 14 0 14 
0 13 0 0 13 0 12 0 0 
0 0 0 0 0 0 0 0 0 
11 12 10 9 8 9 10 0 11 
0
4 5 3 2 1 2 3 0 4 
0 0 0 0 0 0 0 0 0 
0 6 0 0 6 0 5 0 0 
7 0 7 0 7 0 7 0 7 
0 0 0 0 0 0 0 0 0 
0 0 0 0 0 0 0 0 0 
14 0 14 0 14 0 14 0 14 
0 13 0 0 13 0 12 0 0 
0 0 0 0 0 0 0 0 0 
11 12 10 9 8 9 10 0 11 
1
4 5 3 2 1 2 3 0 4 
0 0 0 0 0 0 0 0 0 
0 6 0 0 6 0 5 0 0 
7 0 7 0 7 0 7 0 7 
0 0 0 0 0 0 0 0 0 
0 0 0 0 0 0 0 0 0 
14 0 14 0 14 0 14 0 14 
0 13 0 0 13 0 12 0 0 
0 0 0 0 0 0 0 0 11 
11 12 10 9 8 9 10 0 0 
0
4 5 3 2 1 2 3 4 0 
0 0 0 0 0 0 0 0 0 
0 6 0 0 6 0 5 0 0 
7 0 7 0 7 0 7 0 7 
0 0 0 0 0 0 0 0 0 
0 0 0 0 0 0 0 0 0 
14 0 14 0 14 0 14 0 14 
0 13 0 0 13 0 12 0 0 
0 0 0 0 0 0 0 0 11 
11 12 10 9 8 9 10 0 0 
1
4 5 3 2 1 2 3 4 0 
0 0 0 0 0 0 0 0 0 
0 6 0 0 6 0 5 0 0 
7 0 7 0 7 0 7 0 7 
0 0 0 0 0 0 0 0 0 
0 0 0 0 0 0 0 0 0 
14 0 14 0 14 0 14 0 14 
0 13 0 0 13 0 12 0 0 
0 0 0 11 0 0 0 0 0 
11 12 10 9 8 9 10 0 0 
0
4 5 3 2 1 2 3 0 0 
0 0 0 0 0 0 0 0 0 
0 6 0 0 6 0 5 0 0 
7 0 7 0 7 0 7 0 7 
0 0 0 0 0 0 0 0 0 
0 0 0 0 0 0 0 0 0 
14 0 14 0 14 0 14 4 14 
0 13 0 0 13 0 12 0 0 
0 0 0 11 0 0 0 0 0 
11 12 10 9 8 9 10 0 0 
1
4 5 3 2 1 2 3 0 0 
0 0 0 11 0 0 0 0 0 
0 6 0 0 6 0 5 0 0 
7 0 7 0 7 0 7 0 7 
0 0 0 0 0 0 0 0 0 
0 0 0 0 0 0 0 0 0 
14 0 14 0 14 0 14 4 14 
0 13 0 0 13 0 12 0 0 
0 0 0 0 0 0 0 0 0 
11 12 10 9 8 9 10 0 0 
0
4 0 3 2 1 2 3 0 0 
0 0 0 11 0 0 0 0 0 
5 6 0 0 6 0 5 0 0 
7 0 7 0 7 0 7 0 7 
0 0 0 0 0 0 0 0 0 
0 0 0 0 0 0 0 0 0 
14 0 14 0 14 0 14 4 14 
0 13 0 0 13 0 12 0 0 
0 0 0 0 0 0 0 0 0 
11 12 10 9 8 9 10 0 0 
1
4 0 3 2 1 2 3 0 0 
0 0 0 11 0 0 0 0 0 
5 6 0 0 6 0 5 0 0 
7 0 7 0 7 0 7 0 7 
0 0 0 0 0 0 0 0 0 
0 0 0 0 0 0 0 0 0 
14 0 14 0 14 0 14 4 14 
0 13 0 0 13 0 12 0 0 
11 0 0 0 0 0 0 0 0 
0 12 10 9 8 9 10 0 0 
0
4 0 3 2 1 2 3 0 0 
0 0 0 11 0 0 0 0 0 
5 0 0 0 6 0 5 0 0 
7 0 7 0 7 0 7 0 7 
0 0 0 0 0 0 0 0 0 
0 0 0 0 0 0 0 0 0 
14 0 14 0 14 0 14 4 14 
0 13 0 0 13 0 12 0 0 
11 0 0 0 0 0 0 0 0 
0 6 10 9 8 9 10 0 0 
1
4 0 3 2 1 2 3 0 0 
0 0 0 11 0 0 0 0 0 
5 13 0 0 6 0 5 0 0 
7 0 7 0 7 0 7 0 7 
0 0 0 0 0 0 0 0 0 
0 0 0 0 0 0 0 0 0 
14 0 14 0 14 0 14 4 14 
0 0 0 0 13 0 12 0 0 
11 0 0 0 0 0 0 0 0 
0 6 10 9 8 9 10 0 0 
0
4 0 3 2 1 2 3 5 0 
0 0 0 11 0 0 0 0 0 
5 13 0 0 6 0 0 0 0 
7 0 7 0 7 0 7 0 7 
0 0 0 0 0 0 0 0 0 
0 0 0 0 0 0 0 0 0 
14 0 14 0 14 0 14 4 14 
0 0 0 0 13 0 12 0 0 
11 0 0 0 0 0 0 0 0 
0 6 10 9 8 9 10 0 0 
1
4 0 3 2 1 2 3 5 0 
0 0 0 11 0 0 0 0 0 
5 13 0 0 6 0 0 0 0 
7 0 7 0 13 0 7 0 7 
0 0 0 0 0 0 0 0 0 
0 0 0 0 0 0 0 0 0 
14 0 14 0 14 0 14 4 14 
0 0 0 0 0 0 12 0 0 
11 0 0 0 0 0 0 0 0 
0 6 10 9 8 9 10 0 0 
0
4 0 3 2 1 0 3 5 0 
0 0 0 11 2 0 0 0 0 
5 13 0 0 6 0 0 0 0 
7 0 7 0 13 0 7 0 7 
0 0 0 0 0 0 0 0 0 
0 0 0 0 0 0 0 0 0 
14 0 14 0 14 0 14 4 14 
0 0 0 0 0 0 12 0 0 
11 0 0 0 0 0 0 0 0 
0 6 10 9 8 9 10 0 0 
1
4 0 3 2 1 0 3 5 0 
0 0 0 11 2 0 0 0 0 
5 13 0 0 6 0 0 0 0 
7 0 7 0 13 0 7 0 7 
0 0 0 0 0 0 0 0 0 
0 0 0 0 0 0 0 0 0 
14 0 14 0 14 0 14 4 14 
0 0 0 0 0 0 12 0 0 
0 0 0 11 0 0 0 0 0 
0 6 10 9 8 9 10 0 0 
0
4 0 3 2 0 1 3 5 0 
0 0 0 11 2 0 0 0 0 
5 13 0 0 6 0 0 0 0 
7 0 7 0 13 0 7 0 7 
0 0 0 0 0 0 0 0 0 
0 0 0 0 0 0 0 0 0 
14 0 14 0 14 0 14 4 14 
0 0 0 0 0 0 12 0 0 
0 0 0 11 0 0 0 0 0 
0 6 10 9 8 9 10 0 0 
1
4 0 3 11 0 1 3 5 0 
0 0 0 0 2 0 0 0 0 
5 13 0 0 6 0 0 0 0 
7 0 7 0 13 0 7 0 7 
0 0 0 0 0 0 0 0 0 
0 0 0 0 0 0 0 0 0 
14 0 14 0 14 0 14 4 14 
0 0 0 0 0 0 12 0 0 
0 0 0 11 0 0 0 0 0 
0 6 10 9 8 9 10 0 0 
0
4 0 3 2 0 1 3 5 0 
0 0 0 0 0 0 0 0 0 
5 13 0 0 6 0 0 0 0 
7 0 7 0 13 0 7 0 7 
0 0 0 0 0 0 0 0 0 
0 0 0 0 0 0 0 0 0 
14 0 14 0 14 0 14 4 14 
0 0 0 0 0 0 12 0 0 
0 0 0 11 0 0 0 0 0 
0 6 10 9 8 9 10 0 0 
1
4 0 3 2 0 1 3 5 0 
0 0 0 0 0 0 0 0 0 
5 13 0 0 6 0 0 0 0 
7 0 7 0 13 0 7 0 7 
0 0 0 0 0 0 0 0 0 
0 0 0 0 0 0 0 0 0 
14 0 14 0 14 0 14 4 14 
0 0 0 0 0 0 12 0 0 
0 0 0 0 0 11 0 0 0 
0 6 10 9 8 9 10 0 0 
0
4 0 3 2 0 1 3 5 0 
0 0 0 0 0 0 0 0 0 
5 13 0 0 0 6 0 0 0 
7 0 7 0 13 0 7 0 7 
0 0 0 0 0 0 0 0 0 
0 0 0 0 0 0 0 0 0 
14 0 14 0 14 0 14 4 14 
0 0 0 0 0 0 12 0 0 
0 0 0 0 0 11 0 0 0 
0 6 10 9 8 9 10 0 0 
1
4 0 3 2 0 1 3 5 0 
0 0 0 0 0 0 0 0 0 
5 13 0 0 0 11 0 0 0 
7 0 7 0 13 0 7 0 7 
0 0 0 0 0 0 0 0 0 
0 0 0 0 0 0 0 0 0 
14 0 14 0 14 0 14 4 14 
0 0 0 0 0 0 12 0 0 
0 0 0 0 0 0 0 0 0 
0 6 10 9 8 9 10 0 0 
0
4 0 3 2 1 0 3 5 0 
0 0 0 0 0 0 0 0 0 
5 13 0 0 0 11 0 0 0 
7 0 7 0 13 0 7 0 7 
0 0 0 0 0 0 0 0 0 
0 0 0 0 0 0 0 0 0 
14 0 14 0 14 0 14 4 14 
0 0 0 0 0 0 12 0 0 
0 0 0 0 0 0 0 0 0 
0 6 10 9 8 9 10 0 0 
1
4 0 3 2 1 0 3 5 0 
0 0 0 0 0 0 0 0 0 
5 0 0 0 13 11 0 0 0 
7 0 7 0 13 0 7 0 7 
0 0 0 0 0 0 0 0 0 
0 0 0 0 0 0 0 0 0 
14 0 14 0 14 0 14 4 14 
0 0 0 0 0 0 12 0 0 
0 0 0 0 0 0 0 0 0 
0 6 10 9 8 9 10 0 0 
0
