4 5 3 2 1 2 3 5 4 
0 0 0 0 0 0 0 0 0 
0 6 0 0 0 0 0 6 0 
7 0 7 0 7 0 7 0 7 
0 0 0 0 0 0 0 0 0 
0 0 0 0 0 0 0 0 0 
14 0 14 0 14 0 14 0 14 
0 13 0 0 0 0 0 13 0 
0 0 0 0 0 0 0 0 0 
11 12 10 9 8 9 10 12 11 
1
4 5 3 2 1 2 3 5 4 
0 0 0 0 0 0 0 0 0 
0 6 0 0 0 0 0 6 0 
7 0 7 0 7 0 7 0 7 
0 0 0 0 0 0 0 0 0 
0 0 0 0 0 0 0 0 0 
14 0 14 0 14 0 14 0 14 
0 13 0 0 13 0 0 0 0 
0 0 0 0 0 0 0 0 0 
11 12 10 9 8 9 10 12 11 
0
4 5 3 2 1 2 3 5 4 
0 0 0 0 0 0 0 0 0 
0 6 0 0 6 0 0 0 0 
7 0 7 0 7 0 7 0 7 
0 0 0 0 0 0 0 0 0 
0 0 0 0 0 0 0 0 0 
14 0 14 0 14 0 14 0 14 
0 13 0 0 13 0 0 0 0 
0 0 0 0 0 0 0 0 0 
11 12 10 9 8 9 10 12 11 
1
4 5 3 2 1 2 3 5 4 
0 0 0 0 0 0 0 0 0 
0 6 0 0 6 0 0 0 0 
7 0 7 0 7 0 7 0 7 
0 0 0 0 0 0 0 0 0 
0 0 0 0 0 0 0 0 0 
14 0 14 0 14 0 14 0 14 
0 13 0 0 13 0 12 0 0 
0 0 0 0 0 0 0 0 0 
11 12 10 9 8 9 10 0 11 
0
4 5 3 2 1 2 3 0 4 
0 0 0 0 0 0 0 0 0 
0 6 0 0 6 0 5 0 0 
7 0 7 0 7 0 7 0 7 
0 0 0 0 0 0 0 0 0 
0 0 0 0 0 0 0 0 0 
14 0 14 0 14 0 14 0 14 
0 13 0 0 13 0 12 0 0 
0 0 0 0 0 0 0 0 0 
11 12 10 9 8 9 10 0 11 
1
4 5 3 2 1 2 3 0 4 
0 0 0 0 0 0 0 0 0 
0 6 0 0 6 0 5 0 0 
7 0 7 0 7 0 7 0 7 
0 0 0 0 0 0 0 0 0 
0 0 0 0 0 0 0 0 0 
14 0 14 0 14 0 14 0 14 
0 13 0 0 13 0 12 0 0 
0 0 0 0 0 0 0 0 0 
11 12 10 9 8 9 10 11 0 
0
4 5 3 2 1 2 3 0 0 
0 0 0 0 0 0 0 0 4 
0 6 0 0 6 0 5 0 0 
7 0 7 0 7 0 7 0 7 
0 0 0 0 0 0 0 0 0 
0 0 0 0 0 0 0 0 0 
14 0 14 0 14 0 14 0 14 
0 13 0 0 13 0 12 0 0 
0 0 0 0 0 0 0 0 0 
11 12 10 9 8 9 10 11 0 
1
4 5 3 2 1 2 3 0 0 
0 0 0 0 0 0 0 0 4 
0 6 0 0 6 0 5 0 0 
7 0 7 0 7 0 7 11 7 
0 0 0 0 0 0 0 0 0 
0 0 0 0 0 0 0 0 0 
14 0 14 0 14 0 14 0 14 
0 13 0 0 13 0 12 0 0 
0 0 0 0 0 0 0 0 0 
11 12 10 9 8 9 10 0 0 
0
4 5 3 2 1 2 3 0 0 
0 0 0 4 0 0 0 0 0 
0 6 0 0 6 0 5 0 0 
7 0 7 0 7 0 7 11 7 
0 0 0 0 0 0 0 0 0 
0 0 0 0 0 0 0 0 0 
14 0 14 0 14 0 14 0 14 
0 13 0 0 13 0 12 0 0 
0 0 0 0 0 0 0 0 0 
11 12 10 9 8 9 10 0 0 
1
4 5 3 2 1 2 3 0 0 
0 0 0 4 0 0 0 0 0 
0 6 0 0 6 0 5 0 0 
7 0 7 0 7 0 11 0 7 
0 0 0 0 0 0 0 0 0 
0 0 0 0 0 0 0 0 0 
14 0 14 0 14 0 14 0 14 
0 13 0 0 13 0 12 0 0 
0 0 0 0 0 0 0 0 0 
11 12 10 9 8 9 10 0 0 
0
4 5 3 2 1 2 3 0 0 
0 0 0 0 0 0 0 0 0 
0 6 0 0 6 0 5 0 0 
7 0 7 0 7 0 11 0 7 
0 0 0 0 0 0 0 0 0 
0 0 0 0 0 0 0 0 0 
14 0 14 0 14 0 14 0 14 
0 13 0 4 13 0 12 0 0 
0 0 0 0 0 0 0 0 0 
11 12 10 9 8 9 10 0 0 
1
4 5 3 2 1 2 3 0 0 
0 0 0 0 0 0 0 0 0 
0 6 0 0 6 0 5 0 0 
7 0 7 0 7 0 11 0 7 
0 0 0 0 0 0 0 0 0 
0 13 0 0 0 0 0 0 0 
14 0 14 0 14 0 14 0 14 
0 0 0 4 13 0 12 0 0 
0 0 0 0 0 0 0 0 0 
11 12 10 9 8 9 10 0 0 
0
4 5 3 2 1 2 3 0 0 
0 0 0 0 0 0 0 0 0 
0 6 0 0 6 0 5 0 0 
7 0 7 0 7 0 11 0 7 
0 0 0 0 0 0 0 0 0 
0 13 0 4 0 0 0 0 0 
14 0 14 0 14 0 14 0 14 
0 0 0 0 13 0 12 0 0 
0 0 0 0 0 0 0 0 0 
11 12 10 9 8 9 10 0 0 
1
4 5 3 2 1 2 3 0 0 
0 0 0 0 0 0 0 0 0 
0 6 0 0 6 0 5 0 0 
7 0 7 0 7 0 11 0 7 
0 0 0 0 0 0 0 0 0 
0 13 14 4 0 0 0 0 0 
14 0 0 0 14 0 14 0 14 
0 0 0 0 13 0 12 0 0 
0 0 0 0 0 0 0 0 0 
11 12 10 9 8 9 10 0 0 
0
4 5 3 2 1 2 3 0 0 
0 0 0 0 0 0 0 0 0 
0 6 0 0 6 0 5 0 0 
7 0 7 0 7 0 11 0 7 
0 0 0 0 0 0 0 0 0 
0 13 4 0 0 0 0 0 0 
14 0 0 0 14 0 14 0 14 
0 0 0 0 13 0 12 0 0 
0 0 0 0 0 0 0 0 0 
11 12 10 9 8 9 10 0 0 
1
4 5 3 2 1 2 3 0 0 
0 0 0 0 0 0 0 0 0 
0 6 0 0 6 0 5 0 0 
7 0 7 0 7 0 11 0 7 
0 0 0 0 0 0 0 0 0 
13 0 4 0 0 0 0 0 0 
14 0 0 0 14 0 14 0 14 
0 0 0 0 13 0 12 0 0 
0 0 0 0 0 0 0 0 0 
11 12 10 9 8 9 10 0 0 
0
4 0 3 2 1 2 3 0 0 
0 0 0 0 0 0 0 0 0 
5 6 0 0 6 0 5 0 0 
7 0 7 0 7 0 11 0 7 
0 0 0 0 0 0 0 0 0 
13 0 4 0 0 0 0 0 0 
14 0 0 0 14 0 14 0 14 
0 0 0 0 13 0 12 0 0 
0 0 0 0 0 0 0 0 0 
11 12 10 9 8 9 10 0 0 
1
4 0 3 2 1 2 3 0 0 
0 0 0 0 0 0 0 0 0 
5 6 0 0 6 0 5 0 0 
7 0 7 0 7 0 11 0 7 
0 0 0 0 0 0 0 0 0 
13 0 4 0 0 0 0 0 0 
14 0 0 0 14 0 14 0 14 
10 0 0 0 13 0 12 0 0 
0 0 0 0 0 0 0 0 0 
11 12 0 9 8 9 10 0 0 
0
4 0 3 2 1 2 3 0 0 
0 0 0 0 0 0 0 0 0 
5 6 0 0 6 0 5 0 0 
7 0 7 0 7 0 11 0 7 
0 0 0 0 0 0 0 0 0 
13 0 0 0 0 4 0 0 0 
14 0 0 0 14 0 14 0 14 
10 0 0 0 13 0 12 0 0 
0 0 0 0 0 0 0 0 0 
11 12 0 9 8 9 10 0 0 
1
4 0 3 2 1 2 3 0 0 
0 0 0 0 0 0 0 0 0 
5 6 0 0 6 0 5 0 0 
7 0 7 0 7 0 11 0 7 
0 0 0 0 0 0 0 0 0 
13 0 0 0 0 4 0 0 0 
14 0 0 0 14 0 14 0 14 
10 0 12 0 13 0 12 0 0 
0 0 0 0 0 0 0 0 0 
11 0 0 9 8 9 10 0 0 
0
4 0 3 2 1 2 3 0 0 
0 0 0 0 0 0 0 0 0 
5 6 0 0 6 0 5 0 0 
0 0 7 0 7 0 11 0 7 
7 0 0 0 0 0 0 0 0 
13 0 0 0 0 4 0 0 0 
14 0 0 0 14 0 14 0 14 
10 0 12 0 13 0 12 0 0 
0 0 0 0 0 0 0 0 0 
11 0 0 9 8 9 10 0 0 
1
4 0 3 2 1 2 3 0 0 
0 0 0 0 0 0 0 0 0 
5 6 0 0 6 0 5 0 0 
0 0 7 0 7 0 11 0 7 
7 0 0 0 0 0 0 0 0 
13 0 0 0 0 4 0 0 0 
14 0 0 0 14 0 14 0 14 
10 0 12 0 13 0 12 0 0 
0 0 0 0 0 0 0 0 0 
0 11 0 9 8 9 10 0 0 
0
4 0 3 2 1 2 3 0 0 
0 0 0 0 0 0 0 0 0 
5 0 6 0 6 0 5 0 0 
0 0 7 0 7 0 11 0 7 
7 0 0 0 0 0 0 0 0 
13 0 0 0 0 4 0 0 0 
14 0 0 0 14 0 14 0 14 
10 0 12 0 13 0 12 0 0 
0 0 0 0 0 0 0 0 0 
0 11 0 9 8 9 10 0 0 
1
4 0 3 2 1 2 3 0 0 
0 0 0 0 0 0 0 0 0 
5 0 6 0 6 0 5 0 0 
0 0 7 0 7 0 11 0 7 
7 0 0 0 0 0 0 0 0 
13 12 0 0 0 4 0 0 0 
14 0 0 0 14 0 14 0 14 
10 0 0 0 13 0 12 0 0 
0 0 0 0 0 0 0 0 0 
0 11 0 9 8 9 10 0 0 
0
4 0 3 2 1 2 3 0 0 
0 0 0 0 0 0 0 0 0 
5 0 6 0 6 0 5 0 0 
0 0 7 0 7 0 11 0 7 
0 0 0 0 0 0 0 0 0 
7 12 0 0 0 4 0 0 0 
14 0 0 0 14 0 14 0 14 
10 0 0 0 13 0 12 0 0 
0 0 0 0 0 0 0 0 0 
0 11 0 9 8 9 10 0 0 
1
4 0 3 2 1 2 3 0 0 
0 0 0 0 0 0 0 0 0 
5 0 6 0 6 0 5 0 0 
0 0 7 0 7 0 11 0 7 
0 0 0 12 0 0 0 0 0 
7 0 0 0 0 4 0 0 0 
14 0 0 0 14 0 14 0 14 
10 0 0 0 13 0 12 0 0 
0 0 0 0 0 0 0 0 0 
0 11 0 9 8 9 10 0 0 
0
4 0 3 2 1 2 3 0 0 
0 0 0 0 0 0 0 0 0 
5 0 6 0 6 0 5 0 0 
0 0 7 0 7 0 11 0 7 
0 0 0 12 0 0 0 0 0 
7 0 0 0 0 0 0 0 0 
14 0 0 0 14 0 14 0 14 
10 0 0 0 13 4 12 0 0 
0 0 0 0 0 0 0 0 0 
0 11 0 9 8 9 10 0 0 
1
4 0 3 2 1 2 3 0 0 
0 0 0 0 0 0 0 0 0 
5 0 12 0 6 0 5 0 0 
0 0 7 0 7 0 11 0 7 
0 0 0 0 0 0 0 0 0 
7 0 0 0 0 0 0 0 0 
14 0 0 0 14 0 14 0 14 
10 0 0 0 13 4 12 0 0 
0 0 0 0 0 0 0 0 0 
0 11 0 9 8 9 10 0 0 
0
4 0 3 2 1 2 3 0 0 
0 0 0 0 0 0 0 0 0 
5 0 12 0 0 0 5 0 0 
0 0 7 0 7 0 11 0 7 
0 0 0 0 0 0 0 0 0 
7 0 0 0 0 0 0 0 0 
14 0 0 0 6 0 14 0 14 
10 0 0 0 13 4 12 0 0 
0 0 0 0 0 0 0 0 0 
0 11 0 9 8 9 10 0 0 
1
4 0 3 2 1 2 3 0 0 
0 0 0 0 0 0 0 0 0 
5 0 12 0 0 0 5 0 0 
0 0 7 0 7 0 11 0 7 
0 0 0 0 0 0 0 0 0 
7 0 0 0 0 0 0 0 0 
14 0 0 0 6 0 14 0 14 
10 0 0 0 13 4 12 0 0 
0 0 0 0 9 0 0 0 0 
0 11 0 9 8 0 10 0 0 
0
4 0 3 2 1 2 3 0 0 
0 0 0 0 0 0 0 0 0 
5 0 12 0 0 0 5 0 0 
0 0 7 0 7 0 11 0 7 
0 0 0 0 0 0 0 0 0 
7 0 0 0 0 0 0 0 0 
14 0 0 0 6 0 14 0 14 
10 0 0 0 13 0 4 0 0 
0 0 0 0 9 0 0 0 0 
0 11 0 9 8 0 10 0 0 
1
4 0 3 2 1 2 3 0 0 
0 0 0 0 0 0 0 0 0 
5 0 12 0 0 0 5 0 0 
0 0 7 0 7 0 11 0 7 
0 0 0 0 0 0 0 0 0 
7 0 0 0 0 0 0 0 0 
14 0 0 0 6 0 14 0 14 
10 0 0 0 13 0 4 0 0 
0 0 0 0 9 0 0 0 0 
0 11 0 9 0 8 10 0 0 
0
4 0 3 2 1 2 3 0 0 
0 0 0 0 0 0 0 0 0 
5 0 12 0 0 0 5 0 0 
0 0 7 0 7 0 11 0 7 
0 0 0 0 0 0 0 0 0 
7 0 0 0 0 0 0 0 0 
14 0 0 0 6 0 14 0 14 
10 0 0 0 13 0 0 0 0 
0 0 0 0 9 0 0 0 0 
0 11 0 9 0 8 4 0 0 
1
4 0 3 2 1 2 3 0 0 
0 0 0 0 0 0 0 0 0 
5 0 12 0 0 0 5 0 0 
0 0 7 0 7 0 11 0 7 
0 0 0 0 0 0 0 0 0 
7 0 0 0 0 0 0 0 0 
14 0 0 0 6 0 14 0 14 
10 0 0 0 13 0 0 0 0 
0 0 0 0 9 8 0 0 0 
0 11 0 9 0 0 4 0 0 
0
4 0 3 2 1 2 3 0 0 
0 0 0 0 0 0 0 0 0 
5 0 12 0 0 0 5 0 0 
0 0 7 0 7 0 11 0 7 
0 0 0 0 0 0 0 0 0 
7 0 0 0 0 0 0 0 0 
14 0 0 0 6 0 14 0 14 
10 0 0 0 13 0 4 0 0 
0 0 0 0 9 8 0 0 0 
0 11 0 9 0 0 0 0 0 
1
4 0 3 2 1 2 3 0 0 
0 0 0 0 0 0 0 0 0 
5 0 12 0 0 0 11 0 0 
0 0 7 0 7 0 0 0 7 
0 0 0 0 0 0 0 0 0 
7 0 0 0 0 0 0 0 0 
14 0 0 0 6 0 14 0 14 
10 0 0 0 13 0 4 0 0 
0 0 0 0 9 8 0 0 0 
0 11 0 9 0 0 0 0 0 
0
4 0 3 2 1 2 3 0 0 
0 0 0 0 0 0 0 0 0 
5 0 12 0 0 0 11 0 0 
0 0 7 0 7 0 0 0 7 
0 0 0 0 0 0 0 0 0 
7 0 0 0 0 0 0 0 0 
14 0 0 0 6 0 14 0 14 
10 0 0 0 4 0 0 0 0 
0 0 0 0 9 8 0 0 0 
0 11 0 9 0 0 0 0 0 
1
4 0 3 2 1 2 3 0 0 
0 11 0 0 0 0 0 0 0 
5 0 12 0 0 0 11 0 0 
0 0 7 0 7 0 0 0 7 
0 0 0 0 0 0 0 0 0 
7 0 0 0 0 0 0 0 0 
14 0 0 0 6 0 14 0 14 
10 0 0 0 4 0 0 0 0 
0 0 0 0 9 8 0 0 0 
0 0 0 9 0 0 0 0 0 
0
4 0 3 0 1 2 3 0 0 
0 11 0 0 2 0 0 0 0 
5 0 12 0 0 0 11 0 0 
0 0 7 0 7 0 0 0 7 
0 0 0 0 0 0 0 0 0 
7 0 0 0 0 0 0 0 0 
14 0 0 0 6 0 14 0 14 
10 0 0 0 4 0 0 0 0 
0 0 0 0 9 8 0 0 0 
0 0 0 9 0 0 0 0 0 
1
4 0 3 0 1 2 3 0 0 
0 0 0 0 11 0 0 0 0 
5 0 12 0 0 0 11 0 0 
0 0 7 0 7 0 0 0 7 
0 0 0 0 0 0 0 0 0 
7 0 0 0 0 0 0 0 0 
14 0 0 0 6 0 14 0 14 
10 0 0 0 4 0 0 0 0 
0 0 0 0 9 8 0 0 0 
0 0 0 9 0 0 0 0 0 
0
4 0 3 0 1 2 3 0 0 
0 0 0 0 6 0 0 0 0 
5 0 12 0 0 0 11 0 0 
0 0 7 0 7 0 0 0 7 
0 0 0 0 0 0 0 0 0 
7 0 0 0 0 0 0 0 0 
14 0 0 0 0 0 14 0 14 
10 0 0 0 4 0 0 0 0 
0 0 0 0 9 8 0 0 0 
0 0 0 9 0 0 0 0 0 
1
4 0 3 0 1 2 3 0 0 
0 0 0 0 6 0 0 0 0 
5 0 12 0 0 11 0 0 0 
0 0 7 0 7 0 0 0 7 
0 0 0 0 0 0 0 0 0 
7 0 0 0 0 0 0 0 0 
14 0 0 0 0 0 14 0 14 
10 0 0 0 4 0 0 0 0 
0 0 0 0 9 8 0 0 0 
0 0 0 9 0 0 0 0 0 
0
4 0 3 0 1 2 3 0 0 
0 0 0 0 0 6 0 0 0 
5 0 12 0 0 11 0 0 0 
0 0 7 0 7 0 0 0 7 
0 0 0 0 0 0 0 0 0 
7 0 0 0 0 0 0 0 0 
14 0 0 0 0 0 14 0 14 
10 0 0 0 4 0 0 0 0 
0 0 0 0 9 8 0 0 0 
0 0 0 9 0 0 0 0 0 
1
4 0 3 0 1 2 3 0 0 
0 0 0 0 0 11 0 0 0 
5 0 12 0 0 0 0 0 0 
0 0 7 0 7 0 0 0 7 
0 0 0 0 0 0 0 0 0 
7 0 0 0 0 0 0 0 0 
14 0 0 0 0 0 14 0 14 
10 0 0 0 4 0 0 0 0 
0 0 0 0 9 8 0 0 0 
0 0 0 9 0 0 0 0 0 
0
4 0 3 0 1 0 3 0 0 
0 0 0 0 2 11 0 0 0 
5 0 12 0 0 0 0 0 0 
0 0 7 0 7 0 0 0 7 
0 0 0 0 0 0 0 0 0 
7 0 0 0 0 0 0 0 0 
14 0 0 0 0 0 14 0 14 
10 0 0 0 4 0 0 0 0 
0 0 0 0 9 8 0 0 0 
0 0 0 9 0 0 0 0 0 
1
4 0 3 0 1 0 3 0 0 
0 0 0 0 11 0 0 0 0 
5 0 12 0 0 0 0 0 0 
0 0 7 0 7 0 0 0 7 
0 0 0 0 0 0 0 0 0 
7 0 0 0 0 0 0 0 0 
14 0 0 0 0 0 14 0 14 
10 0 0 0 4 0 0 0 0 
0 0 0 0 9 8 0 0 0 
0 0 0 9 0 0 0 0 0 
0
