0 0 0 0 1 0 0 0 0 
0 0 0 0 2 0 0 12 0 
0 12 0 2 3 0 0 0 0 
0 0 0 0 0 0 0 0 0 
0 0 3 0 0 0 0 0 0 
0 0 0 0 0 0 0 0 0 
0 0 0 0 0 0 0 0 0 
0 0 0 0 0 0 0 0 0 
0 0 0 0 0 0 0 0 0 
0 0 0 0 8 0 0 0 0 
1
12 0 0 0 1 0 0 0 0 
0 0 0 0 2 0 0 12 0 
0 0 0 2 3 0 0 0 0 
0 0 0 0 0 0 0 0 0 
0 0 3 0 0 0 0 0 0 
0 0 0 0 0 0 0 0 0 
0 0 0 0 0 0 0 0 0 
0 0 0 0 0 0 0 0 0 
0 0 0 0 0 0 0 0 0 
0 0 0 0 8 0 0 0 0 
0
12 0 3 0 1 0 0 0 0 
0 0 0 0 2 0 0 12 0 
0 0 0 2 0 0 0 0 0 
0 0 0 0 0 0 0 0 0 
0 0 3 0 0 0 0 0 0 
0 0 0 0 0 0 0 0 0 
0 0 0 0 0 0 0 0 0 
0 0 0 0 0 0 0 0 0 
0 0 0 0 0 0 0 0 0 
0 0 0 0 8 0 0 0 0 
1
0 0 3 0 1 0 0 0 0 
0 0 12 0 2 0 0 12 0 
0 0 0 2 0 0 0 0 0 
0 0 0 0 0 0 0 0 0 
0 0 3 0 0 0 0 0 0 
0 0 0 0 0 0 0 0 0 
0 0 0 0 0 0 0 0 0 
0 0 0 0 0 0 0 0 0 
0 0 0 0 0 0 0 0 0 
0 0 0 0 8 0 0 0 0 
0
0 0 3 1 0 0 0 0 0 
0 0 12 0 2 0 0 12 0 
0 0 0 2 0 0 0 0 0 
0 0 0 0 0 0 0 0 0 
0 0 3 0 0 0 0 0 0 
0 0 0 0 0 0 0 0 0 
0 0 0 0 0 0 0 0 0 
0 0 0 0 0 0 0 0 0 
0 0 0 0 0 0 0 0 0 
0 0 0 0 8 0 0 0 0 
1
0 0 3 1 0 0 0 0 0 
0 0 12 0 2 0 0 0 0 
0 0 0 2 0 0 0 0 0 
0 0 0 0 0 0 12 0 0 
0 0 3 0 0 0 0 0 0 
0 0 0 0 0 0 0 0 0 
0 0 0 0 0 0 0 0 0 
0 0 0 0 0 0 0 0 0 
0 0 0 0 0 0 0 0 0 
0 0 0 0 8 0 0 0 0 
0
0 0 3 1 0 2 0 0 0 
0 0 12 0 0 0 0 0 0 
0 0 0 2 0 0 0 0 0 
0 0 0 0 0 0 12 0 0 
0 0 3 0 0 0 0 0 0 
0 0 0 0 0 0 0 0 0 
0 0 0 0 0 0 0 0 0 
0 0 0 0 0 0 0 0 0 
0 0 0 0 0 0 0 0 0 
0 0 0 0 8 0 0 0 0 
1
0 0 3 1 0 2 0 0 0 
0 0 12 0 0 0 0 0 0 
0 0 0 2 0 0 0 0 0 
0 0 0 0 0 0 0 0 0 
0 0 3 0 12 0 0 0 0 
0 0 0 0 0 0 0 0 0 
0 0 0 0 0 0 0 0 0 
0 0 0 0 0 0 0 0 0 
0 0 0 0 0 0 0 0 0 
0 0 0 0 8 0 0 0 0 
0
0 0 3 1 0 2 0 0 0 
0 0 12 0 2 0 0 0 0 
0 0 0 0 0 0 0 0 0 
0 0 0 0 0 0 0 0 0 
0 0 3 0 12 0 0 0 0 
0 0 0 0 0 0 0 0 0 
0 0 0 0 0 0 0 0 0 
0 0 0 0 0 0 0 0 0 
0 0 0 0 0 0 0 0 0 
0 0 0 0 8 0 0 0 0 
1
0 0 3 1 0 2 0 0 0 
0 0 12 0 2 0 0 0 0 
0 0 0 0 0 0 0 0 0 
0 0 12 0 0 0 0 0 0 
0 0 3 0 0 0 0 0 0 
0 0 0 0 0 0 0 0 0 
0 0 0 0 0 0 0 0 0 
0 0 0 0 0 0 0 0 0 
0 0 0 0 0 0 0 0 0 
0 0 0 0 8 0 0 0 0 
0
0 0 0 1 0 2 0 0 0 
0 0 12 0 2 0 0 0 0 
0 0 0 0 3 0 0 0 0 
0 0 12 0 0 0 0 0 0 
0 0 3 0 0 0 0 0 0 
0 0 0 0 0 0 0 0 0 
0 0 0 0 0 0 0 0 0 
0 0 0 0 0 0 0 0 0 
0 0 0 0 0 0 0 0 0 
0 0 0 0 8 0 0 0 0 
1
0 0 0 1 0 2 0 0 0 
0 12 12 0 2 0 0 0 0 
0 0 0 0 3 0 0 0 0 
0 0 0 0 0 0 0 0 0 
0 0 3 0 0 0 0 0 0 
0 0 0 0 0 0 0 0 0 
0 0 0 0 0 0 0 0 0 
0 0 0 0 0 0 0 0 0 
0 0 0 0 0 0 0 0 0 
0 0 0 0 8 0 0 0 0 
0
0 0 0 0 0 2 0 0 0 
0 12 12 1 2 0 0 0 0 
0 0 0 0 3 0 0 0 0 
0 0 0 0 0 0 0 0 0 
0 0 3 0 0 0 0 0 0 
0 0 0 0 0 0 0 0 0 
0 0 0 0 0 0 0 0 0 
0 0 0 0 0 0 0 0 0 
0 0 0 0 0 0 0 0 0 
0 0 0 0 8 0 0 0 0 
1
0 0 0 0 0 2 0 0 0 
0 12 0 1 2 0 0 0 0 
0 0 0 0 3 0 0 0 0 
0 0 0 12 0 0 0 0 0 
0 0 3 0 0 0 0 0 0 
0 0 0 0 0 0 0 0 0 
0 0 0 0 0 0 0 0 0 
0 0 0 0 0 0 0 0 0 
0 0 0 0 0 0 0 0 0 
0 0 0 0 8 0 0 0 0 
0
0 0 0 0 0 2 0 0 0 
0 12 0 1 0 0 0 0 0 
0 0 0 2 3 0 0 0 0 
0 0 0 12 0 0 0 0 0 
0 0 3 0 0 0 0 0 0 
0 0 0 0 0 0 0 0 0 
0 0 0 0 0 0 0 0 0 
0 0 0 0 0 0 0 0 0 
0 0 0 0 0 0 0 0 0 
0 0 0 0 8 0 0 0 0 
1
0 0 0 0 0 2 0 0 0 
0 12 0 1 0 0 0 0 0 
0 12 0 2 3 0 0 0 0 
0 0 0 0 0 0 0 0 0 
0 0 3 0 0 0 0 0 0 
0 0 0 0 0 0 0 0 0 
0 0 0 0 0 0 0 0 0 
0 0 0 0 0 0 0 0 0 
0 0 0 0 0 0 0 0 0 
0 0 0 0 8 0 0 0 0 
0
0 0 0 0 0 2 0 0 0 
0 12 0 0 1 0 0 0 0 
0 12 0 2 3 0 0 0 0 
0 0 0 0 0 0 0 0 0 
0 0 3 0 0 0 0 0 0 
0 0 0 0 0 0 0 0 0 
0 0 0 0 0 0 0 0 0 
0 0 0 0 0 0 0 0 0 
0 0 0 0 0 0 0 0 0 
0 0 0 0 8 0 0 0 0 
1
0 0 0 0 0 2 0 0 0 
0 12 0 0 1 0 0 0 0 
0 0 0 2 3 0 0 0 0 
0 0 0 0 0 0 0 0 0 
0 0 12 0 0 0 0 0 0 
0 0 0 0 0 0 0 0 0 
0 0 0 0 0 0 0 0 0 
0 0 0 0 0 0 0 0 0 
0 0 0 0 0 0 0 0 0 
0 0 0 0 8 0 0 0 0 
0
0 0 0 0 0 2 0 0 0 
0 12 0 0 0 1 0 0 0 
0 0 0 2 3 0 0 0 0 
0 0 0 0 0 0 0 0 0 
0 0 12 0 0 0 0 0 0 
0 0 0 0 0 0 0 0 0 
0 0 0 0 0 0 0 0 0 
0 0 0 0 0 0 0 0 0 
0 0 0 0 0 0 0 0 0 
0 0 0 0 8 0 0 0 0 
1
0 0 0 12 0 2 0 0 0 
0 0 0 0 0 1 0 0 0 
0 0 0 2 3 0 0 0 0 
0 0 0 0 0 0 0 0 0 
0 0 12 0 0 0 0 0 0 
0 0 0 0 0 0 0 0 0 
0 0 0 0 0 0 0 0 0 
0 0 0 0 0 0 0 0 0 
0 0 0 0 0 0 0 0 0 
0 0 0 0 8 0 0 0 0 
0
0 0 0 12 0 2 0 0 0 
0 0 0 0 1 0 0 0 0 
0 0 0 2 3 0 0 0 0 
0 0 0 0 0 0 0 0 0 
0 0 12 0 0 0 0 0 0 
0 0 0 0 0 0 0 0 0 
0 0 0 0 0 0 0 0 0 
0 0 0 0 0 0 0 0 0 
0 0 0 0 0 0 0 0 0 
0 0 0 0 8 0 0 0 0 
1
0 0 0 0 0 2 0 0 0 
0 0 0 0 1 0 0 0 0 
0 0 0 2 12 0 0 0 0 
0 0 0 0 0 0 0 0 0 
0 0 12 0 0 0 0 0 0 
0 0 0 0 0 0 0 0 0 
0 0 0 0 0 0 0 0 0 
0 0 0 0 0 0 0 0 0 
0 0 0 0 0 0 0 0 0 
0 0 0 0 8 0 0 0 0 
0
